{
 "cells": [
  {
   "cell_type": "code",
   "execution_count": 28,
   "metadata": {},
   "outputs": [],
   "source": [
    "import pandas as pd\n",
    "import matplotlib.pyplot as plt\n",
    "import numpy as np\n",
    "import seaborn as sns"
   ]
  },
  {
   "cell_type": "code",
   "execution_count": 29,
   "metadata": {},
   "outputs": [
    {
     "name": "stdout",
     "output_type": "stream",
     "text": [
      "{'oai': array([[1.0000002 , 0.5871916 , 0.58372176, ..., 0.6047921 , 0.5948952 ,\n",
      "        0.5767844 ],\n",
      "       [0.5871916 , 1.0000001 , 0.648383  , ..., 0.7908699 , 0.78444767,\n",
      "        0.75288904],\n",
      "       [0.58372176, 0.648383  , 1.        , ..., 0.64677215, 0.63088787,\n",
      "        0.66676706],\n",
      "       ...,\n",
      "       [0.6047921 , 0.79086995, 0.64677215, ..., 1.        , 0.94443655,\n",
      "        0.6950061 ],\n",
      "       [0.5948952 , 0.78444767, 0.63088787, ..., 0.94443655, 1.        ,\n",
      "        0.71515423],\n",
      "       [0.5767844 , 0.75288904, 0.66676706, ..., 0.6950061 , 0.71515423,\n",
      "        1.        ]], dtype=float32), 'original': array([[1.        , 0.60965693, 0.627632  , ..., 0.5854994 , 0.7057907 ,\n",
      "        0.6410442 ],\n",
      "       [0.60965693, 1.        , 0.71130276, ..., 0.6024391 , 0.5938441 ,\n",
      "        0.5763724 ],\n",
      "       [0.627632  , 0.71130276, 1.0000001 , ..., 0.60241914, 0.6150523 ,\n",
      "        0.61141825],\n",
      "       ...,\n",
      "       [0.5854994 , 0.60243917, 0.6024192 , ..., 1.0000001 , 0.6119502 ,\n",
      "        0.6139969 ],\n",
      "       [0.70579076, 0.59384406, 0.6150523 , ..., 0.6119502 , 1.        ,\n",
      "        0.6429031 ],\n",
      "       [0.6410442 , 0.5763724 , 0.61141825, ..., 0.6139969 , 0.6429031 ,\n",
      "        1.        ]], dtype=float32), 'promptdb': array([[1.        , 0.6247611 , 0.5141655 , ..., 0.55634886, 0.6093351 ,\n",
      "        0.7108454 ],\n",
      "       [0.6247611 , 1.        , 0.6414087 , ..., 0.6693728 , 0.7763908 ,\n",
      "        0.74523926],\n",
      "       [0.5141655 , 0.6414087 , 0.99999994, ..., 0.62339884, 0.61737645,\n",
      "        0.55944645],\n",
      "       ...,\n",
      "       [0.55634886, 0.6693728 , 0.62339884, ..., 1.        , 0.6149349 ,\n",
      "        0.60503066],\n",
      "       [0.6093351 , 0.7763908 , 0.61737645, ..., 0.6149349 , 1.        ,\n",
      "        0.71743906],\n",
      "       [0.71084535, 0.74523926, 0.55944645, ..., 0.60503066, 0.71743906,\n",
      "        1.        ]], dtype=float32), 'promptist': array([[0.9999999 , 0.63616997, 0.65268993, ..., 0.650578  , 0.5613471 ,\n",
      "        0.72792506],\n",
      "       [0.63616997, 1.        , 0.74406546, ..., 0.67143345, 0.62860376,\n",
      "        0.69907314],\n",
      "       [0.65268993, 0.74406546, 1.        , ..., 0.5853222 , 0.6578839 ,\n",
      "        0.7100833 ],\n",
      "       ...,\n",
      "       [0.6505781 , 0.67143345, 0.5853222 , ..., 1.        , 0.544269  ,\n",
      "        0.626888  ],\n",
      "       [0.5613471 , 0.6286037 , 0.6578839 , ..., 0.544269  , 1.        ,\n",
      "        0.70178676],\n",
      "       [0.72792506, 0.69907314, 0.7100833 , ..., 0.62688804, 0.70178676,\n",
      "        1.        ]], dtype=float32), 'tipo': array([[1.0000001 , 0.67340875, 0.5443929 , ..., 0.5261469 , 0.54647714,\n",
      "        0.6946259 ],\n",
      "       [0.67340875, 1.        , 0.56743604, ..., 0.49535558, 0.54488546,\n",
      "        0.60663235],\n",
      "       [0.5443929 , 0.56743604, 1.        , ..., 0.51807153, 0.73078835,\n",
      "        0.5195546 ],\n",
      "       ...,\n",
      "       [0.52614695, 0.49535558, 0.51807153, ..., 1.0000001 , 0.55194503,\n",
      "        0.5231937 ],\n",
      "       [0.54647714, 0.54488546, 0.73078835, ..., 0.55194503, 1.        ,\n",
      "        0.55333096],\n",
      "       [0.6946259 , 0.60663235, 0.5195546 , ..., 0.5231937 , 0.55333096,\n",
      "        1.        ]], dtype=float32)}\n"
     ]
    }
   ],
   "source": [
    "best_sim = np.load(\"../../output/best-sims.npy\", allow_pickle=True).tolist()\n",
    "worst_sim = np.load(\"../../output/worst-sims.npy\", allow_pickle=True).tolist()\n",
    "model_order = [\n",
    "    (\"oai\", \"GPT4o-mini\"),\n",
    "    (\"original\", \"Original\"),\n",
    "    (\"promptdb\", \"Prompt-DB\"),\n",
    "    (\"promptist\", \"Promptist\"),\n",
    "    (\"tipo\", \"TIPO\"),\n",
    "]\n",
    "print(best_sim)"
   ]
  },
  {
   "cell_type": "code",
   "execution_count": 30,
   "metadata": {},
   "outputs": [],
   "source": [
    "# Plot each matrix\n",
    "for key, legend_name in model_order:\n",
    "    plt.figure(figsize=(7, 6))\n",
    "    sns.heatmap(\n",
    "        best_sim[key] * 2 - 1,\n",
    "        cmap=\"YlOrRd\",\n",
    "        vmin=0,\n",
    "        xticklabels=False,\n",
    "        yticklabels=False,\n",
    "    )\n",
    "    plt.title(legend_name)\n",
    "    plt.tight_layout()\n",
    "    plt.savefig(\n",
    "        f\"../../output/sim-mat/sim_matrix_{key}_best.png\", dpi=300, bbox_inches=\"tight\"\n",
    "    )\n",
    "    plt.close()\n",
    "for key, legend_name in model_order:\n",
    "    plt.figure(figsize=(7, 6))\n",
    "    sns.heatmap(\n",
    "        worst_sim[key] * 2 - 1,\n",
    "        cmap=\"YlOrRd\",\n",
    "        vmin=0,\n",
    "        xticklabels=False,\n",
    "        yticklabels=False,\n",
    "    )\n",
    "    plt.title(legend_name)\n",
    "    plt.tight_layout()\n",
    "    plt.savefig(\n",
    "        f\"../../output/sim-mat/sim_matrix_{key}_worst.png\", dpi=300, bbox_inches=\"tight\"\n",
    "    )\n",
    "    plt.close()"
   ]
  }
 ],
 "metadata": {
  "kernelspec": {
   "display_name": "Python 3",
   "language": "python",
   "name": "python3"
  },
  "language_info": {
   "codemirror_mode": {
    "name": "ipython",
    "version": 3
   },
   "file_extension": ".py",
   "mimetype": "text/x-python",
   "name": "python",
   "nbconvert_exporter": "python",
   "pygments_lexer": "ipython3",
   "version": "3.11.7"
  }
 },
 "nbformat": 4,
 "nbformat_minor": 2
}
